68 sz  (868,308)
535 lz  (1084,1689)
398 lz  (1256,1257)
182 sz  (369,808)
568 lz  (1301,1796)
252 sz  (216,1055)
6 sz  (1486,14)
564 lz  (1658,1803)
3 sz  (1548,11)
394 sz  (1399,1669)
232 sz  (246,908)
107 lz  (1005,561)
293 sz  (527,1363)
407 sz  (1566,1556)
59 sz  (803,108)
Konigsberg  (1057,811)
552 lz  (1146,1757)
Zagreb  (957,1154)
388 sz  (1260,1464)
199 lz  (1487,707)
279 lz  (804,906)
404 sz  (1519,1566)
474 lz  (222,1444)
79 sz  (555,12)
434 lz  (1579,1358)
239 sz  (215,959)
184 sz  (308,705)
446 lz  (1980,1410)
532 lz  (1238,1723)
297 sz  (587,1358)
236 sz  (375,1108)
212 sz  (422,1101)
Jerusalem  (1576,1656)
Mosul  (1862,1406)
159 lz  (1390,557)
456 lz  (1301,1408)
230 sz  (184,807)
Vitebsk  (1299,706)
493 lz  (1713,1581)
377 lz  (1799,1206)
102 sz  (739,507)
519 lz  (1691,1651)
170 lz  (1858,609)
86 sz  (775,360)
Kuibyshev  (1766,658)
295 lz  (525,958)
63 lz  (1888,359)
325 lz  (1271,1058)
43 lz  (1826,257)
14 sz  (1300,13)
453 lz  (1487,1407)
Kalisz  (996,895)
185 lz  (1577,659)
119 sz  (853,611)
147 sz  (557,508)
Leeds  (532,708)
52 sz  (898,157)
188 sz  (308,509)
220 lz  (1857,808)
Dnepropetrovsk  (1455,958)
244 sz  (58,708)
435 sz  (1877,954)
323 lz  (1392,1057)
92 lz  (992,310)
270 sz  (62,1208)
463 lz  (1707,1457)
292 sz  (551,1422)
293 lz  (1036,961)
Malaga  (276,1356)
190 sz  (215,459)
421 sz  (1516,1151)
295 sz  (526,1265)
333 lz  (668,1052)
424 sz  (1580,1247)
368 sz  (904,1247)
188 lz  (1826,658)
121 sz  (899,765)
Baghdad  (1870,1508)
331 lz  (834,1055)
47 sz  (897,57)
262 sz  (61,1007)
381 sz  (1274,1556)
Cyprus  (1505,1548)
30 lz  (1858,208)
387 lz  (309,1206)
149 lz  (1857,508)
320 sz  (836,1557)
205 sz  (278,759)
Graz  (899,1077)
431 lz  (1763,1355)
113 lz  (943,597)
292 lz  (1196,954)
185 sz  (335,654)
418 lz  (1169,1296)
328 lz  (1140,1071)
411 lz  (1673,1307)
250 lz  (1950,856)
17 sz  (1391,155)
Antwerp  (630,893)
265 lz  (833,858)
390 lz  (1939,1273)
23 lz  (1701,159)
420 sz  (1453,1171)
51 sz  (868,108)
470 lz  (840,1460)
357 lz  (1888,1157)
484 lz  (431,1509)
277 sz  (29,1359)
425 sz  (1616,1220)
225 lz  (1548,808)
309 sz  (677,1304)
317 sz  (898,1660)
473 lz  (265,1458)
104 sz  (680,509)
66 lz  (1920,408)
266 lz  (1978,899)
88 lz  (1000,237)
549 lz  (1332,1757)
196 lz  (1671,706)
442 lz  (949,1345)
397 lz  (1458,1270)
142 sz  (711,758)
355 sz  (1021,1558)
510 lz  (1796,1601)
258 lz  (1393,857)
Prague  (895,958)
Lodz  (1051,907)
Warsaw  (1082,859)
107 sz  (587,359)
159 sz  (369,409)
212 lz  (1639,757)
Kiev  (1300,908)
329 sz  (800,1313)
199 sz  (91,460)
557 lz  (775,1755)
435 lz  (1517,1359)
Sofia  (1152,1244)
379 sz  (1267,1658)
445 lz  (216,1350)
209 sz  (395,969)
61 lz  (1764,356)
43 sz  (991,108)
252 lz  (1826,856)
114 sz  (650,559)
73 sz  (773,257)
55 lz  (1417,298)
410 sz  (1312,1339)
Helsinki  (1138,545)
102 lz  (837,460)
74 sz  (743,209)
81 lz  (1353,220)
57 sz  (869,210)
100 lz  (946,460)
207 lz  (1330,759)
543 lz  (1766,1757)
281 sz  (128,1419)
Minsk  (1241,809)
182 lz  (1394,658)
297 lz  (1791,1007)
156 sz  (459,556)
244 lz  (557,812)
119 lz  (1190,261)
12 lz  (1978,109)
289 sz  (438,1314)
180 lz  (1266,658)
465 lz  (1589,1443)
262 lz  (1136,847)
437 lz  (1332,1365)
388 lz  (253,1210)
Copenhagen  (861,739)
439 lz  (1135,1339)
41 sz  (928,12)
16 lz  (1733,108)
556 lz  (834,1756)
422 lz  (377,1306)
147 lz  (1975,507)
346 lz  (1175,1108)
205 lz  (1209,759)
495 lz  (708,1556)
14 lz  (1857,108)
394 lz  (1703,1257)
12 sz  (1392,58)
467 lz  (1456,1458)
325 sz  (696,1253)
154 lz  (1547,508)
575 lz  (868,1794)
259 sz  (157,1158)
377 sz  (1242,1695)
243 sz  (91,759)
287 lz  (1578,957)
502 lz  (336,1559)
Sverdlovsk  (1887,459)
390 sz  (1331,1561)
541 lz  (1892,1748)
145 lz  (1829,458)
142 lz  (1642,457)
28 sz  (1208,58)
170 sz  (435,903)
254 lz  (1703,857)
113 sz  (619,509)
Marseilles  (594,1166)
391 sz  (1299,1609)
96 lz  (915,390)
537 lz  (740,1705)
491 lz  (1828,1556)
154 sz  (463,460)
313 sz  (774,1558)
418 sz  (1395,1260)
180 sz  (649,757)
162 lz  (1578,557)
374 sz  (1139,1561)
335 lz  (583,1061)
311 sz  (773,1459)
437 sz  (1905,1018)
301 lz  (1424,1007)
289 lz  (1393,957)
428 lz  (1887,1354)
41 lz  (1704,258)
347 sz  (994,1708)
425 lz  (201,1316)
30 sz  (1271,152)
385 lz  (500,1225)
39 sz  (1021,57)
179 lz  (1244,608)
306 lz  (1118,993)
482 lz  (561,1499)
351 lz  (862,1121)
424 lz  (243,1308)
554 lz  (954,1764)
139 sz  (712,661)
248 sz  (92,859)
81 sz  (618,110)
247 lz  (388,708)
355 lz  (555,1107)
279 sz  (28,1460)
309 lz  (928,1007)
407 lz  (1918,1309)
300 lz  (1545,1001)
55 sz  (922,301)
88 sz  (761,450)
Kiruna  (1076,252)
114 lz  (898,652)
133 sz  (1155,572)
61 sz  (743,13)
431 sz  (1962,1149)
499 lz  (528,1557)
3 lz  (1857,12)
90 lz  (1021,263)
66 sz  (805,209)
59 lz  (1640,357)
570 lz  (1175,1794)
84 sz  (711,260)
239 lz  (720,816)
100 sz  (681,410)
320 lz  (1586,1056)
416 sz  (1393,1160)
433 sz  (1881,1069)
260 lz  (1263,858)
214 sz  (339,959)
281 lz  (589,906)
420 lz  (1103,1308)
167 sz  (442,712)
339 lz  (1733,1107)
209 lz  (1455,758)
250 sz  (152,957)
47 lz  (1918,307)
110 sz  (525,358)
173 sz  (553,898)
505 lz  (151,1560)
168 sz  (427,814)
430 sz  (1976,1206)
329 lz  (1083,1057)
312 lz  (685,1007)
256 lz  (1576,856)
10 sz  (1473,164)
360 lz  (1705,1153)
548 lz  (1390,1750)
439 sz  (1978,1109)
223 lz  (1672,808)
376 lz  (1862,1217)
217 lz  (1960,759)
240 lz  (523,561)
342 lz  (1564,1102)
544 lz  (1697,1753)
327 sz  (736,1210)
156 lz  (1424,508)
Balearic Islands  (523,1335)
70 lz  (1672,409)
287 sz  (438,1413)
Berlin  (895,857)
202 sz  (185,608)
294 sz  (483,1291)
243 lz  (485,767)
110 lz  (878,556)
The Hague  (683,861)
161 sz  (370,508)
563 lz  (1734,1796)
172 lz  (1733,610)
517 lz  (1829,1654)
263 lz  (1008,858)
99 sz  (649,358)
392 lz  (1832,1247)
18 sz  (1406,212)
74 lz  (1423,405)
200 lz  (1362,707)
16 sz  (1363,110)
103 sz  (718,558)
20 lz  (1514,162)
408 lz  (1852,1304)
Tripoli  (807,1694)
153 sz  (433,409)
35 sz  (1052,11)
345 lz  (1238,1107)
373 sz  (1106,1523)
Oran  (361,1496)
33 sz  (1147,58)
414 lz  (1485,1306)
228 sz  (122,707)
39 lz  (1578,257)
73 lz  (1487,408)
22 lz  (1640,159)
67 lz  (1857,406)
82 sz  (650,160)
131 sz  (1109,603)
Hanover  (760,856)
93 lz  (1035,357)
207 sz  (338,859)
306 sz  (563,1211)
378 lz  (1732,1220)
443 lz  (904,1348)
213 sz  (371,1009)
123 sz  (956,761)
555 lz  (896,1754)
141 lz  (1579,459)
565 lz  (1501,1791)
126 sz  (1052,710)
4 sz  (1576,67)
283 lz  (1816,951)
401 sz  (1457,1661)
211 sz  (414,1059)
37 sz  (1113,98)
308 lz  (991,1009)
572 lz  (1042,1791)
Lvov  (1145,959)
152 lz  (1671,508)
24 lz  (1763,158)
254 sz  (61,909)
334 lz  (639,1063)
25 lz  (1826,157)
145 sz  (618,610)
28 lz  (1977,210)
Lake Ladoga  (1286,514)
118 sz  (827,635)
96 sz  (557,211)
54 sz  (952,253)
428 sz  (1674,1205)
164 sz  (463,662)
45 lz  (1961,256)
216 lz  (1890,757)
116 lz  (923,703)
351 sz  (960,1560)
346 sz  (959,1657)
251 sz  (185,1008)
385 sz  (1173,1401)
179 sz  (577,651)
183 lz  (1455,657)
284 sz  (299,1424)
450 lz  (1670,1402)
506 lz  (93,1560)
389 sz  (1285,1508)
175 lz  (1487,608)
35 lz  (1548,208)
Amman  (1618,1649)
Baku  (1938,1172)
336 lz  (530,1054)
Manchester  (533,758)
Estonia  (1169,608)
286 sz  (372,1412)
503 lz  (275,1558)
374 lz  (216,1162)
77 sz  (649,58)
511 lz  (1732,1620)
447 lz  (1926,1406)
133 lz  (1184,518)
125 sz  (992,710)
84 lz  (1165,209)
65 lz  (1977,406)
234 sz  (308,1008)
168 lz  (1977,606)
488 lz  (117,1501)
561 lz  (1868,1799)
366 sz  (993,1306)
2 sz  (1624,24)
486 lz  (246,1507)
416 lz  (1262,1324)
Stalino  (1487,1008)
Lisbon  (165,1256)
376 sz  (1204,1664)
42 sz  (959,61)
534 lz  (1112,1708)
167 lz  (1888,557)
412 lz  (1610,1307)
273 lz  (1363,907)
466 lz  (1512,1452)
342 sz  (908,1467)
526 lz  (1734,1707)
271 sz  (30,1159)
6 lz  (1702,58)
378 sz  (1300,1705)
18 lz  (1600,107)
70 sz  (869,401)
31 lz  (1797,207)
51 lz  (1670,307)
496 lz  (659,1573)
265 sz  (28,1058)
369 lz  (393,1163)
95 sz  (555,109)
366 lz  (649,1165)
417 sz  (1425,1208)
63 sz  (711,58)
93 sz  (618,206)
65 sz  (774,157)
46 sz  (928,108)
580 lz  (557,1795)
226 lz  (1486,807)
115 sz  (680,610)
461 lz  (1827,1457)
551 lz  (1200,1761)
91 lz  (971,287)
44 sz  (1020,152)
80 lz  (1339,257)
232 lz  (1095,771)
327 lz  (1132,1032)
256 sz  (123,1009)
282 sz  (178,1402)
430 lz  (1826,1376)
404 lz  (278,1255)
324 sz  (745,1307)
United States  (61,351)
360 sz  (1084,1557)
134 lz  (1106,513)
302 sz  (681,1410)
82 lz  (1298,208)
123 lz  (1158,364)
523 lz  (578,1660)
228 lz  (1362,806)
194 sz  (276,657)
362 sz  (1053,1508)
269 sz  (100,1260)
230 lz  (1188,808)
191 lz  (1974,705)
513 lz  (672,1618)
240 sz  (184,906)
131 lz  (1138,457)
Tunis  (722,1494)
195 sz  (246,609)
164 lz  (1702,559)
138 lz  (1391,458)
86 lz  (1093,182)
197 lz  (1608,707)
127 lz  (1220,403)
398 sz  (1423,1508)
576 lz  (807,1795)
190 lz  (1960,658)
20 sz  (1367,308)
408 sz  (1546,1608)
52 lz  (1608,307)
25 sz  (1268,58)
153 lz  (1608,508)
540 lz  (562,1707)
Casablanca  (158,1466)
Malmberget  (1050,305)
414 sz  (1341,1161)
251 lz  (1887,858)
373 lz  (279,1157)
220 sz  (153,659)
223 sz  (60,508)
211 lz  (1578,757)
365a lz  (825,1162)
217 sz  (248,809)
527 lz  (1667,1707)
150 sz  (463,358)
520 lz  (775,1666)
200 sz  (123,511)
529 lz  (1579,1707)
118 lz  (1134,268)
175 sz  (642,849)
34 lz  (1610,207)
277 lz  (924,908)
191 sz  (246,508)
11 lz  (1956,59)
481 lz  (629,1497)
389 lz  (193,1207)
477 lz  (1728,1504)
1 lz  (1975,11)
Cracow  (1082,961)
441 lz  (1051,1357)
216 sz  (278,859)
121 lz  (1243,308)
Istanbul  (1285,1310)
338 lz  (1848,1111)
194 lz  (1795,708)
546 lz  (1566,1754)
490 lz  (1889,1558)
302 lz  (1361,1007)
134 sz  (1205,559)
509 lz  (1857,1605)
362 lz  (1146,1155)
237 lz  (809,707)
54 lz  (1484,307)
269 lz  (1672,908)
370 sz  (852,1160)
273 sz  (61,1306)
24 sz  (1300,108)
141 sz  (766,770)
77 lz  (1322,374)
583 lz  (1288,1196)
4 lz  (1795,10)
380 lz  (1171,1195)
412 sz  (1324,1259)
152 sz  (401,359)
459 lz  (1943,1451)
457 lz  (1111,1407)
99 lz  (1044,401)
Durazzo  (1048,1305)
Hamburg  (815,807)
400 sz  (1424,1608)
56 sz  (899,259)
Florence  (798,1208)
432 sz  (1921,1108)
42 lz  (1765,258)
358 lz  (1826,1156)
2 lz  (1917,11)
95 lz  (942,341)
284 lz  (1766,957)
Nuremberg  (835,959)
234 lz  (970,806)
308 sz  (650,1259)
17 lz  (1671,108)
Munich  (801,1009)
397 sz  (1357,1526)
137 lz  (1312,477)
417 lz  (1234,1303)
125 lz  (1259,359)
105 sz  (650,458)
317 lz  (1764,1058)
266 sz  (60,1108)
400 lz  (1088,1258)
328 sz  (758,1262)
78 sz  (618,12)
Saaremaa  (1115,634)
37 lz  (1470,259)
401 lz  (1022,1252)
286 lz  (1641,957)
13 sz  (1362,15)
233 sz  (278,959)
349 sz  (1023,1659)
178 lz  (1300,609)
208 lz  (1392,759)
Bucharest  (1241,1201)
566 lz  (1425,1796)
127 sz  (996,657)
423 lz  (306,1308)
Gorki  (1610,607)
15 sz  (1333,59)
222 lz  (1733,809)
62 lz  (1825,357)
235 sz  (332,1069)
Rhodes  (1319,1525)
7 sz  (1424,13)
11 sz  (1424,108)
332 lz  (781,1049)
547 lz  (1531,1750)
539 lz  (619,1706)
290 sz  (464,1359)
218 sz  (215,758)
427 lz  (1952,1361)
177 sz  (591,758)
151 sz  (432,309)
364 lz  (911,1152)
5 lz  (1738,10)
291 sz  (494,1408)
21 lz  (1577,161)
406 sz  (1480,1515)
464 lz  (1637,1458)
87 lz  (1029,202)
275 sz  (157,1358)
83 sz  (681,209)
560 lz  (588,1757)
319 sz  (868,1607)
245 lz  (441,840)
91 sz  (679,307)
169 lz  (1917,608)
78 lz  (1279,312)
9 sz  (1487,111)
140 lz  (1517,457)
148 lz  (1919,506)
436 lz  (1386,1347)
183 sz  (338,776)
71 lz  (1609,407)
176 lz  (1423,609)
271 lz  (1547,907)
369 sz  (874,1198)
50 sz  (837,59)
382 lz  (1051,1205)
34 sz  (1116,12)
53 sz  (928,209)
429 lz  (1820,1348)
Northern Ireland  (431,665)
524 lz  (1855,1707)
518 lz  (1768,1649)
356 lz  (499,1111)
571 lz  (1112,1796)
210 sz  (424,1009)
Rome  (828,1258)
186 lz  (1641,658)
567 lz  (1363,1795)
Rheims  (648,961)
146 lz  (1965,458)
Damascus  (1609,1597)
60 sz  (776,60)
278 lz  (866,907)
129 sz  (1079,655)
396 lz  (1511,1267)
85 sz  (744,310)
Crete  (1216,1565)
80 sz  (586,58)
310 sz  (738,1402)
419 lz  (1182,1323)
89 sz  (740,408)
115 lz  (954,657)
158 sz  (400,458)
111 sz  (557,409)
371 lz  (299,1117)
280 lz  (669,916)
396 sz  (1392,1559)
144 sz  (648,659)
303 sz  (654,1357)
370 lz  (339,1154)
132 lz  (1189,463)
166 sz  (430,764)
282 lz  (1971,960)
382 sz  (1232,1516)
101 sz  (712,459)
89 lz  (1115,226)
380 sz  (1238,1608)
299 sz  (588,1445)
1 sz  (1675,6)
415 sz  (1366,1111)
348 sz  (1023,1751)
426 lz  (157,1306)
356 sz  (1053,1609)
137 sz  (1091,410)
352 sz  (928,1507)
Corsica  (725,1269)
237 sz  (276,1058)
Paris  (587,958)
112 lz  (796,600)
569 lz  (1243,1796)
384 lz  (936,1198)
324 lz  (1339,1060)
105 lz  (935,508)
314 lz  (556,1002)
574 lz  (927,1795)
155 lz  (1485,508)
21 sz  (1328,347)
358 sz  (1150,1651)
48 lz  (1858,306)
275 lz  (1192,909)
151 lz  (1733,506)
219 sz  (184,708)
455 lz  (1364,1408)
305 lz  (1182,1006)
148 sz  (526,460)
Ankara  (1453,1358)
512 lz  (1667,1611)
193 lz  (1856,708)
326 sz  (684,1217)
298 lz  (1731,1007)
231 sz  (215,857)
150 lz  (1795,507)
206 sz  (308,808)
140 sz  (749,710)
350 sz  (990,1608)
163 sz  (437,609)
165 sz  (483,709)
46 lz  (1977,307)
375 sz  (1181,1600)
CZ4  (40,456)
341 sz  (880,1400)
CZ3  (225,662)
97 lz  (932,416)
235 lz  (936,820)
CZ5  (38,961)
94 lz  (969,363)
Lyon  (617,1108)
15 lz  (1795,108)
226 sz  (59,609)
CZ2  (193,511)
CZ1  (347,564)
423 sz  (1541,1216)
40 sz  (991,13)
531 lz  (1426,1719)
204 sz  (246,709)
365 sz  (1015,1356)
27 sz  (1177,13)
7 lz  (1644,70)
321 sz  (804,1508)
516 lz  (1873,1665)
354 lz  (665,1107)
288 sz  (409,1366)
406 lz  (1976,1316)
294 lz  (959,956)
161 lz  (1516,558)
310 lz  (866,1007)
436 sz  (1932,920)
169 sz  (398,874)
345 sz  (929,1608)
316 sz  (837,1644)
363 sz  (1023,1457)
312 sz  (755,1514)
189 sz  (277,458)
419 sz  (1485,1209)
Belgrade  (1039,1154)
160 lz  (1454,558)
172 sz  (506,903)
458 lz  (939,1401)
146 sz  (590,560)
319 lz  (1641,1057)
103 lz  (825,513)
49 sz  (804,12)
452 lz  (1548,1408)
326 lz  (1211,1051)
116 sz  (739,610)
186 sz  (373,613)
53 lz  (1546,307)
386 lz  (369,1206)
56 lz  (1453,358)
340 lz  (1666,1116)
429 sz  (1979,1261)
174 lz  (1548,608)
349 lz  (989,1101)
Frankfurt  (769,958)
222 sz  (91,558)
353 lz  (805,1109)
283 sz  (247,1409)
432 lz  (1706,1365)
Cologne  (736,907)
45 sz  (964,169)
528 lz  (1614,1714)
195 lz  (1735,707)
129 lz  (1125,416)
176 sz  (621,808)
120 lz  (1223,250)
Grozny  (1795,1108)
33 lz  (1670,208)
261 sz  (91,1058)
253 lz  (1765,857)
60 lz  (1704,358)
122 lz  (1182,307)
249 lz  (337,742)
75 lz  (1389,357)
109 lz  (915,568)
Sevastopol  (1471,1122)
278 sz  (61,1408)
290 lz  (1329,956)
272 lz  (1423,907)
83 lz  (1231,203)
9 lz  (1826,59)
87 sz  (804,409)
497 lz  (636,1553)
242 sz  (120,809)
558 lz  (714,1758)
210 lz  (1515,758)
Bordeaux  (453,1107)
213 lz  (1702,756)
468 lz  (1391,1473)
577 lz  (744,1793)
393 lz  (1766,1257)
469 lz  (878,1468)
67 sz  (837,260)
233 lz  (1010,809)
492 lz  (1761,1552)
13 lz  (1920,109)
354 sz  (990,1508)
Lake Onega  (1350,464)
498 lz  (587,1559)
158 lz  (1329,561)
272 sz  (27,1258)
392 sz  (1331,1658)
Ploesti  (1205,1155)
Brest  (415,940)
224 lz  (1610,806)
261 lz  (1203,859)
478 lz  (1678,1518)
472 lz  (399,1462)
193 sz  (309,609)
485 lz  (295,1492)
75 sz  (711,158)
143 lz  (1704,459)
350 lz  (928,1120)
120 sz  (866,701)
163 lz  (1640,559)
22 sz  (1316,303)
101 lz  (883,450)
303 lz  (1300,1006)
393 sz  (1362,1705)
249 sz  (122,908)
314 sz  (744,1600)
264 lz  (940,850)
438 lz  (1271,1365)
10 lz  (1887,61)
49 lz  (1795,307)
94 sz  (587,160)
245 sz  (28,657)
160 sz  (339,460)
280 sz  (87,1451)
204 lz  (1104,729)
206 lz  (1265,757)
112 sz  (588,459)
365 lz  (774,1159)
371 sz  (1046,1414)
Coventry  (492,800)
44 lz  (1888,258)
384 sz  (1210,1457)
348 lz  (1056,1102)
522 lz  (638,1667)
409 lz  (1793,1308)
Algiers  (460,1462)
71 sz  (838,358)
440 lz  (1091,1363)
Oslo  (831,557)
165 lz  (1765,558)
318 sz  (928,1703)
291 lz  (1259,957)
276 sz  (91,1357)
307 lz  (1053,1014)
405 lz  (223,1261)
202 lz  (1196,708)
501 lz  (404,1562)
38 sz  (1055,113)
515 lz  (560,1608)
48 sz  (866,13)
174 sz  (595,854)
316 lz  (1814,1066)
Genoa  (708,1153)
19 sz  (1396,254)
372 sz  (1071,1459)
26 lz  (1890,156)
117 lz  (1096,303)
Stockholm  (985,603)
285 sz  (335,1447)
241 lz  (546,602)
399 lz  (1205,1257)
189 lz  (1888,658)
471 lz  (526,1463)
72 lz  (1549,406)
257 sz  (154,1058)
North Atlantic Ocean  (268,355)
479 lz  (1612,1506)
363 lz  (1093,1149)
387 Sea Zone  (1241,1421)
122 sz  (846,770)
542 lz  (1825,1757)
69 sz  (893,350)
253 sz  (29,857)
255 sz  (90,959)
Stalingrad  (1733,908)
32 sz  (1180,98)
Milan  (741,1125)
Breslau  (1000,938)
57 lz  (1517,358)
201 lz  (1254,714)
353 sz  (959,1458)
514 lz  (605,1609)
296 lz  (1971,1007)
214 lz  (1764,758)
344 sz  (897,1559)
238 sz  (246,1009)
Kursk  (1454,858)
229 sz  (151,757)
480 lz  (684,1509)
36 sz  (1086,59)
58 sz  (837,159)
221 lz  (1797,808)
Glascow  (502,607)
Saarbrucken  (716,956)
454 lz  (1421,1408)
157 sz  (431,506)
173 lz  (1670,608)
300 sz  (649,1447)
274 lz  (1248,906)
181 sz  (672,800)
304 sz  (618,1307)
361 lz  (1277,1157)
379 lz  (1250,1217)
109 sz  (493,309)
198 sz  (153,457)
126 lz  (1286,410)
128 sz  (1048,608)
403 sz  (1486,1607)
494 lz  (1631,1560)
581 lz  (1432,176)
444 lz  (335,1361)
227 lz  (1425,808)
315 lz  (483,1008)
449 lz  (1739,1413)
525 lz  (1797,1708)
340 sz  (836,1354)
395 lz  (1644,1268)
433 lz  (1642,1357)
242 lz  (509,662)
582 lz  (387,1348)
Leningrad  (1271,569)
330 lz  (948,1049)
Lesbos  (1255,1403)
8 sz  (1456,58)
128 lz  (1172,405)
489 lz  (63,1511)
124 sz  (1033,761)
403 lz  (401,1255)
90 sz  (711,357)
383 sz  (1175,1505)
Zaragoza  (430,1206)
343 sz  (857,1513)
318 lz  (1702,1055)
64 sz  (743,107)
550 lz  (1271,1754)
422 sz  (1519,1076)
420a sz  (1418,1116)
367 lz  (522,1172)
460 lz  (1882,1455)
405 sz  (1553,1495)
98 sz  (617,309)
487 lz  (184,1505)
106 lz  (978,506)
143 sz  (680,710)
162 sz  (401,558)
313 lz  (614,1012)
76 lz  (1361,409)
229 lz  (1300,807)
413 lz  (1551,1297)
Athens  (1115,1469)
260 sz  (123,1110)
483 lz  (496,1508)
201 sz  (152,559)
311 lz  (743,1011)
246 lz  (399,684)
438 sz  (1952,1062)
359 sz  (1115,1607)
130 lz  (1094,459)
247 sz  (61,808)
221 sz  (123,608)
236 lz  (866,813)
402 sz  (1524,1662)
267 sz  (93,1160)
241 sz  (153,858)
337 lz  (477,1056)
259 lz  (1332,857)
139 lz  (1454,457)
68 lz  (1795,407)
192 lz  (1920,706)
Sardinia  (708,1346)
136 lz  (1265,456)
451 lz  (1608,1409)
Malta  (875,1546)
545 lz  (1628,1760)
307 sz  (612,1223)
301 sz  (715,1446)
410 lz  (1733,1307)
135 lz  (1237,505)
69 lz  (1733,408)
347 lz  (1116,1108)
Thracian Sea  (1211,1357)
38 lz  (1514,258)
268 sz  (122,1208)
Kharkov  (1486,909)
255 lz  (1642,857)
276 lz  (1113,905)
62 sz  (679,11)
177 lz  (1361,609)
58 lz  (1577,358)
36 lz  (1490,220)
238 lz  (754,818)
391 lz  (1900,1264)
227 sz  (91,659)
536 lz  (863,1706)
231 lz  (1098,805)
368 lz  (462,1157)
562 lz  (1796,1800)
208 sz  (371,908)
219 lz  (1919,807)
579 lz  (621,1798)
187 lz  (1703,658)
462 lz  (1775,1455)
130 sz  (1133,655)
32 lz  (1732,207)
218 lz  (1975,806)
296 sz  (556,1308)
215 lz  (1826,755)
Gotland  (1026,671)
72 sz  (805,308)
108 lz  (958,559)
323 sz  (775,1358)
St. Nazaire  (460,964)
Gulf of Suez  (1566,1811)
304 lz  (1243,1000)
381 lz  (1102,1205)
Madrid  (337,1257)
507 lz  (44,1566)
Izmir  (1317,1461)
413 sz  (1347,1210)
322 sz  (805,1407)
92 sz  (649,256)
117 sz  (774,658)
Vilna  (1149,755)
553 lz  (1084,1757)
138 sz  (1109,355)
399 sz  (1449,1560)
258 sz  (178,1108)
26 sz  (1238,13)
315 sz  (800,1616)
Moscow  (1424,709)
383 lz  (984,1218)
50 lz  (1733,307)
299 lz  (1672,1007)
395 sz  (1362,1609)
Rostov  (1608,1008)
London  (530,849)
171 sz  (472,873)
Riga  (1174,660)
559 lz  (655,1758)
344 lz  (1305,1108)
475 lz  (208,1473)
248 lz  (394,743)
144 lz  (1765,459)
270 lz  (1610,907)
352 lz  (751,1083)
578 lz  (693,1799)
530 lz  (1540,1714)
157 lz  (1360,511)
257 lz  (1515,858)
29 lz  (1918,208)
274 sz  (109,1305)
225 sz  (26,559)
448 lz  (1797,1408)
5 sz  (1519,60)
364 sz  (984,1403)
124 lz  (1199,359)
171 lz  (1793,608)
203 lz  (1106,689)
357 sz  (1079,1650)
533 lz  (1180,1714)
500 lz  (466,1562)
184 lz  (1517,659)
198 lz  (1547,707)
136 sz  (1044,462)
421 lz  (914,1318)
181 lz  (1329,657)
98 lz  (994,418)
367 sz  (945,1279)
267 lz  (1853,904)
29 sz  (1238,109)
111 lz  (790,557)
79 lz  (1270,248)
8 lz  (1762,60)
97 sz  (587,259)
508 lz  (1899,1629)
27 lz  (1958,157)
411 sz  (1352,1297)
192 sz  (278,560)
343 lz  (1441,1116)
85 lz  (1156,154)
426 sz  (1578,1156)
Cairo  (1458,1748)
Naples  (869,1300)
Bern  (704,1070)
504 lz  (217,1562)
64 lz  (1961,358)
268 lz  (1799,908)
305 sz  (588,1256)
19 lz  (1534,122)
372 lz  (237,1109)
298 sz  (619,1410)
106 sz  (617,409)
166 lz  (1827,559)
132 sz  (1068,561)
135 sz  (1046,509)
322 lz  (1452,1055)
521 lz  (716,1649)
196 sz  (215,559)
108 sz  (557,308)
178 sz  (608,710)
415 lz  (1427,1308)
538 lz  (673,1706)
427 sz  (1633,1169)
155 sz  (495,509)
Budapest  (1020,1063)
Magnitogorsk  (1957,558)
Gibraltar  (227,1396)
23 sz  (1331,158)
288 lz  (1517,957)
573 lz  (990,1795)
40 lz  (1640,258)
402 lz  (455,1244)
476 lz  (1796,1506)
359 lz  (1757,1170)
104 lz  (872,507)
341 lz  (1608,1105)
149 sz  (495,409)
246 sz  (29,759)
76 sz  (679,108)
375 lz  (1924,1203)
285 lz  (1702,955)
215 sz  (308,908)
434 sz  (1844,1015)
